0.84414 0.841965 0.33934 0.144557 0.845018
0.659691 0.843605 0.664012 0.146934 0.348873
0.85841 0.843153 0.342182 0.162667 0.849216
0.355732 0.335782 0.849364 0.359964 0.643551
0.355544 0.146652 0.645478 0.351753 0.657488
0.149316 0.148376 0.859012 0.352091 0.652935
0.342306 0.839159 0.150232 0.358405 0.365349
0.150086 0.646867 0.642036 0.851024 0.144105
0.348602 0.355907 0.862281 0.341579 0.645212
0.348826 0.851872 0.151412 0.638011 0.358861
0.136794 0.651801 0.647669 0.843981 0.153517
0.83944 0.145359 0.848194 0.842675 0.64793
0.646101 0.849912 0.644775 0.144648 0.337598
0.348004 0.157643 0.652351 0.358068 0.642114
0.354392 0.851128 0.152094 0.350936 0.345348
0.357194 0.149274 0.653247 0.351247 0.650321
0.843959 0.842211 0.352508 0.167058 0.851476
0.651287 0.851773 0.656384 0.144594 0.365183
0.655596 0.850286 0.657919 0.157043 0.349496
0.15292 0.14047 0.843125 0.34591 0.656174
0.852376 0.150876 0.853798 0.850694 0.645735
0.652027 0.858874 0.645497 0.154731 0.351642
0.651489 0.836573 0.654943 0.158713 0.345614
0.347767 0.848712 0.143603 0.646822 0.343886
0.344504 0.855969 0.152606 0.64653 0.344795
0.352428 0.138936 0.643991 0.350624 0.648922
0.348534 0.341932 0.847693 0.338763 0.644971
0.347647 0.858403 0.151718 0.648629 0.356598
0.336074 0.14819 0.650171 0.349744 0.639525
0.361061 0.856331 0.136611 0.648437 0.349805
0.846905 0.845642 0.352673 0.155927 0.858641
0.651783 0.845252 0.640214 0.163043 0.362581
0.85959 0.143469 0.847457 0.85638 0.645276
0.150998 0.661258 0.64874 0.860066 0.145144
0.348199 0.153189 0.651249 0.340443 0.647053
0.149568 0.143186 0.835976 0.351464 0.643059
0.855245 0.149424 0.849963 0.848832 0.64584
0.837679 0.154503 0.844739 0.850162 0.65211
0.853789 0.14121 0.853392 0.857375 0.646235
0.140889 0.157484 0.841764 0.337847 0.661896
0.851892 0.152855 0.845285 0.852793 0.650832
0.343414 0.342056 0.84961 0.353015 0.648023
0.342653 0.352686 0.863536 0.351033 0.642402
0.344571 0.851613 0.150149 0.358611 0.356097
0.856037 0.858073 0.352644 0.146476 0.854575
0.855922 0.156825 0.851538 0.850161 0.644352
0.860219 0.843571 0.350302 0.148405 0.847292
0.142117 0.648575 0.653085 0.858792 0.146379
0.851531 0.155644 0.859745 0.857875 0.646866
0.342096 0.363562 0.847172 0.356438 0.640701
0.849982 0.15727 0.860923 0.85318 0.646109
0.348316 0.846857 0.143722 0.344429 0.342361
0.85751 0.152181 0.852772 0.85432 0.649841
0.338533 0.15226 0.649372 0.357038 0.643031
0.351778 0.846029 0.142025 0.647223 0.358651
0.340542 0.843273 0.15443 0.64739 0.373231
0.353181 0.153497 0.65052 0.345854 0.638209
0.353147 0.852559 0.148491 0.340235 0.346658
0.147662 0.146381 0.853653 0.337131 0.645692
0.34544 0.346278 0.859467 0.350547 0.649459
0.14778 0.148591 0.851333 0.339815 0.647077
0.345333 0.347518 0.846794 0.349174 0.648735
0.639914 0.847464 0.6496 0.147534 0.352459
0.356019 0.843443 0.149124 0.661031 0.346611
0.655492 0.857474 0.653858 0.138922 0.34311
0.65059 0.859733 0.643407 0.148726 0.350277
0.147801 0.647315 0.651825 0.855708 0.15533
0.352934 0.352208 0.846548 0.339272 0.651961
0.350997 0.354027 0.846454 0.342177 0.657981
0.356764 0.849939 0.146386 0.650503 0.355342
0.153227 0.163574 0.856417 0.353898 0.659608
0.358494 0.352139 0.850223 0.345553 0.660483
0.352659 0.852811 0.146836 0.362622 0.349094
0.84822 0.848665 0.34371 0.14962 0.853736
0.854976 0.144008 0.854578 0.847197 0.650203
0.141849 0.140273 0.853097 0.34692 0.649092
0.34862 0.154458 0.644539 0.347257 0.644142
0.152914 0.157802 0.843142 0.359389 0.657037
0.355996 0.841207 0.15464 0.637026 0.355308
0.647827 0.852938 0.64141 0.152138 0.347469
0.353525 0.844199 0.148328 0.352571 0.339866
0.344364 0.850418 0.145651 0.643213 0.362385
0.847795 0.842372 0.345369 0.143695 0.849473
0.851638 0.139424 0.846355 0.849313 0.647311
0.156599 0.652167 0.663835 0.853155 0.153153
0.85434 0.145117 0.861913 0.847859 0.645513
0.356927 0.153762 0.654413 0.35187 0.650748
0.850526 0.142095 0.851739 0.853812 0.63929
0.84512 0.152977 0.857637 0.848692 0.646372
0.345547 0.851376 0.148087 0.351522 0.349637
0.836268 0.154792 0.847032 0.847883 0.63812
0.853815 0.845437 0.350485 0.151432 0.850045
0.34462 0.363158 0.858566 0.347846 0.649942
0.146785 0.656252 0.66177 0.863796 0.153335
0.85423 0.847478 0.347595 0.152058 0.845399
0.144504 0.648066 0.652721 0.843283 0.148163
0.348643 0.349485 0.847117 0.33706 0.641163
0.857671 0.138354 0.839581 0.854039 0.655949
0.153831 0.662744 0.656217 0.845621 0.144077
0.348977 0.339618 0.854038 0.357488 0.648398
0.345276 0.854717 0.151417 0.339928 0.35092
0.152135 0.650748 0.637144 0.842131 0.138989
0.346048 0.849733 0.147049 0.652624 0.349695
0.841643 0.152958 0.849012 0.847736 0.660771
0.854029 0.150895 0.85806 0.848372 0.647525
0.343723 0.844626 0.153276 0.355612 0.341967
0.138058 0.157696 0.848114 0.349666 0.651532
0.355316 0.842841 0.140874 0.657396 0.348579
0.354845 0.157842 0.648732 0.342669 0.647176
0.860744 0.856473 0.352471 0.152932 0.850692
0.852832 0.15236 0.860331 0.854564 0.644032
0.85115 0.15055 0.839809 0.849109 0.650077
0.340322 0.847649 0.154147 0.653476 0.363562
0.656132 0.853949 0.655423 0.149903 0.347302
0.152655 0.140842 0.851402 0.349678 0.642769
0.852714 0.852563 0.359413 0.146863 0.854524
0.341658 0.351404 0.834347 0.355569 0.659565
0.33538 0.144618 0.641106 0.347397 0.652348
0.859174 0.855112 0.351862 0.158891 0.849798
0.355553 0.142134 0.650749 0.347331 0.645293
0.355325 0.849396 0.150383 0.648565 0.348245
0.651421 0.8444 0.645716 0.152009 0.351177
0.355381 0.848217 0.146191 0.650235 0.349915
0.651744 0.857782 0.657884 0.158821 0.351039
0.161404 0.148455 0.84719 0.347654 0.654207
0.84569 0.83748 0.358266 0.142325 0.844375
0.361371 0.354546 0.850264 0.348637 0.638863
0.849353 0.151491 0.84399 0.847556 0.645112
0.360549 0.355017 0.848834 0.353657 0.647523
0.154103 0.157191 0.83891 0.349378 0.661733
0.16159 0.649305 0.642067 0.859515 0.149089
0.151224 0.145638 0.854354 0.347749 0.644402
0.351344 0.837134 0.143232 0.355206 0.348798
0.349135 0.161223 0.656367 0.341515 0.657022
0.36416 0.145126 0.65404 0.344461 0.654715
0.354731 0.146278 0.648369 0.347758 0.660282
0.139815 0.647704 0.652242 0.847114 0.155284
0.841105 0.146612 0.843065 0.85567 0.650824
0.847433 0.14013 0.848052 0.845992 0.650262
0.654375 0.854068 0.659947 0.150702 0.353431
0.351607 0.358585 0.849808 0.358503 0.649797
0.8475 0.848778 0.348295 0.152364 0.852284
0.14849 0.637097 0.66058 0.845886 0.153977
0.349151 0.332796 0.852209 0.349899 0.637917
0.346469 0.850961 0.140827 0.64476 0.354722
0.350181 0.357542 0.844656 0.347052 0.648985
0.34432 0.847532 0.150558 0.644911 0.351871
0.359661 0.337288 0.850241 0.344643 0.649827
0.357786 0.151523 0.644877 0.347827 0.655743
0.141486 0.150604 0.841769 0.34678 0.639389
0.352697 0.356193 0.85001 0.350789 0.652699
0.151916 0.150323 0.850857 0.351972 0.65233
0.647567 0.847496 0.646592 0.159156 0.357976
0.354014 0.847523 0.166333 0.651617 0.349284
0.15412 0.639739 0.638207 0.839335 0.146948
0.661337 0.855566 0.643634 0.151033 0.35145
0.352493 0.845674 0.151111 0.65114 0.339167
0.137685 0.645341 0.658667 0.850577 0.153062
0.331173 0.856474 0.148984 0.65398 0.348603
0.851452 0.853971 0.344788 0.140678 0.855836
0.34966 0.856882 0.159065 0.65313 0.358457
0.353604 0.841501 0.144758 0.63988 0.350528
0.14423 0.14354 0.8389 0.338369 0.653671
0.160115 0.648633 0.644281 0.848253 0.151897
0.147312 0.654044 0.643392 0.853518 0.153289
0.145056 0.144471 0.841894 0.344986 0.649605
0.347494 0.850549 0.14595 0.345926 0.351251
0.846084 0.153635 0.854495 0.846761 0.65011
0.346372 0.355296 0.840058 0.349311 0.640044
0.638493 0.854198 0.642272 0.15186 0.351302
0.345746 0.85851 0.155856 0.645086 0.347928
0.146146 0.651136 0.65348 0.846336 0.149404
0.352648 0.147422 0.645672 0.353691 0.657607
0.347098 0.860568 0.149479 0.660768 0.352932
0.850023 0.150132 0.844605 0.857975 0.649549
0.854577 0.153402 0.851158 0.85409 0.654139
0.153266 0.640362 0.646585 0.843666 0.160275
0.84337 0.143069 0.843728 0.843838 0.647976
0.156557 0.146668 0.852802 0.355784 0.65732
0.358156 0.853426 0.144464 0.6472 0.352696
0.348535 0.844099 0.153593 0.653553 0.355965
0.339255 0.352987 0.857932 0.348337 0.653728
0.847159 0.155955 0.848634 0.857357 0.643065
0.153548 0.143851 0.852012 0.346214 0.640677
0.348625 0.142603 0.658073 0.33965 0.654998
0.860553 0.841463 0.35776 0.143308 0.861078
0.644971 0.840639 0.639318 0.156304 0.350095
0.341791 0.347858 0.849217 0.352949 0.65011
0.345129 0.84017 0.148304 0.656829 0.346629
0.843294 0.844115 0.35219 0.146776 0.854341
0.354351 0.355211 0.851009 0.344304 0.65296
0.351429 0.359846 0.842149 0.365972 0.641368
0.347383 0.152242 0.649857 0.3527 0.65532
0.649861 0.854018 0.640506 0.150389 0.343574
0.854387 0.148557 0.847988 0.837461 0.657364
0.842323 0.839483 0.367613 0.154507 0.857183
0.346061 0.347849 0.85046 0.361831 0.662173
0.344984 0.356726 0.857049 0.341217 0.650506
0.344523 0.146751 0.653796 0.351115 0.646966
0.356266 0.366275 0.858638 0.360321 0.641359
0.34864 0.349434 0.863843 0.338717 0.639888
0.640234 0.854827 0.647901 0.143086 0.333284
0.353324 0.159184 0.654954 0.352331 0.640588
0.842244 0.850446 0.349267 0.157774 0.855042
0.348241 0.350007 0.857337 0.358293 0.65244
0.150533 0.151054 0.852084 0.347269 0.642146
0.848608 0.843842 0.35218 0.149384 0.851351
0.344077 0.856504 0.158017 0.650659 0.349616
0.340571 0.13955 0.652432 0.344578 0.653194
0.349263 0.850059 0.15034 0.651842 0.35837
0.651415 0.847209 0.656395 0.134255 0.347792
0.660622 0.834508 0.656332 0.147322 0.355491
0.849748 0.146468 0.850823 0.850028 0.645796
0.346765 0.848787 0.149485 0.354371 0.361494
0.851867 0.145753 0.84541 0.848855 0.650281
0.847485 0.144688 0.851464 0.840868 0.648201
0.341789 0.346717 0.844623 0.351475 0.648229
0.338827 0.845549 0.144632 0.65272 0.354127
0.354315 0.853229 0.153497 0.358115 0.353723
0.154288 0.161141 0.847192 0.353728 0.649636
0.650383 0.845603 0.655159 0.156541 0.344286
0.845202 0.849638 0.34984 0.145835 0.853247
0.846617 0.85719 0.345738 0.144845 0.856238
0.65689 0.848706 0.648066 0.159786 0.347075
0.358927 0.148232 0.662455 0.362522 0.647869
0.141911 0.635825 0.641458 0.849801 0.136614
0.352413 0.350989 0.848798 0.351666 0.650544
0.140368 0.66816 0.65047 0.846642 0.156595
0.347921 0.156854 0.643631 0.340546 0.652218
0.345799 0.168461 0.657675 0.351995 0.64784
0.353826 0.159972 0.645061 0.344531 0.654117
0.851049 0.848856 0.362633 0.145141 0.851772
0.157981 0.657186 0.654018 0.851077 0.148948
0.352675 0.850364 0.14025 0.351362 0.346542
0.34151 0.355035 0.856255 0.355801 0.647107
0.359491 0.337869 0.851899 0.35199 0.65716
0.354702 0.355089 0.845188 0.354579 0.640407
0.856513 0.15361 0.850858 0.841965 0.644322
0.355631 0.339222 0.854271 0.359535 0.641209
0.340898 0.158376 0.652439 0.346307 0.644045
0.357008 0.357012 0.846557 0.34429 0.640789
0.144347 0.652101 0.64953 0.843457 0.144438
0.352142 0.358309 0.843115 0.351973 0.65406
0.142801 0.653777 0.642191 0.838516 0.161023
0.365266 0.854909 0.158892 0.348908 0.345068
0.152901 0.143205 0.842841 0.34898 0.665293
0.856841 0.842139 0.346911 0.152017 0.856156
0.345401 0.8612 0.154261 0.359644 0.348981
0.646222 0.848499 0.64163 0.139691 0.355705
0.364343 0.84777 0.155169 0.352348 0.35665
0.153211 0.152262 0.855199 0.354078 0.644658
0.341048 0.850909 0.146538 0.350637 0.347032
0.844841 0.151959 0.86855 0.849818 0.651887
0.351748 0.345203 0.860224 0.347341 0.652791
0.159304 0.646601 0.654427 0.857873 0.153245
0.851532 0.157042 0.847125 0.848671 0.654244
0.336506 0.35452 0.845891 0.333091 0.648012
0.151395 0.655343 0.646122 0.851963 0.153457
0.361078 0.336896 0.849997 0.346152 0.641775
0.355731 0.853794 0.144778 0.346624 0.342605
0.851196 0.146592 0.841426 0.863063 0.662676
0.150461 0.152137 0.854178 0.358826 0.647887
0.339077 0.154757 0.659095 0.348942 0.648634
0.34775 0.34891 0.836735 0.353985 0.644479
0.843527 0.142162 0.846188 0.849369 0.649295
0.847503 0.846613 0.359998 0.157575 0.850487
0.855511 0.854645 0.347428 0.157628 0.861301
0.354208 0.848696 0.155787 0.646337 0.345121
0.645833 0.843575 0.642891 0.148664 0.349342
0.848788 0.866871 0.341269 0.15517 0.851512
0.340537 0.839747 0.153669 0.65418 0.355137
0.849735 0.138898 0.845367 0.842949 0.643076
0.354077 0.855453 0.141406 0.643256 0.352868
0.355231 0.14957 0.65776 0.356029 0.654882
0.155957 0.146492 0.847312 0.346408 0.650339
0.841496 0.854446 0.34473 0.154367 0.846778
0.144584 0.156829 0.84398 0.347052 0.646641
0.346923 0.362213 0.842008 0.35345 0.651167
0.340177 0.843202 0.156169 0.354363 0.342352
0.139459 0.650038 0.652821 0.850892 0.162831
0.337312 0.841742 0.155685 0.348462 0.358828
0.145106 0.143705 0.857776 0.35726 0.64444
0.849388 0.143342 0.84617 0.842637 0.654757
0.33782 0.863834 0.155544 0.64948 0.352974
0.346027 0.837661 0.140072 0.336735 0.343166
0.661265 0.848912 0.650188 0.153453 0.346793
0.344471 0.855458 0.159069 0.341991 0.369962
0.868104 0.84982 0.349559 0.162023 0.855576
0.150244 0.152061 0.847607 0.351148 0.645906
0.354111 0.154432 0.648921 0.358691 0.651704
0.857586 0.854871 0.358838 0.153858 0.846204
0.850501 0.847651 0.362678 0.158083 0.853726
0.156032 0.158069 0.858341 0.343448 0.650567
0.351168 0.356605 0.843122 0.353737 0.639208
0.162318 0.644227 0.648325 0.84792 0.160556
0.843747 0.148524 0.845768 0.839366 0.652638
0.856947 0.157154 0.850873 0.843997 0.654606
0.356379 0.852357 0.144147 0.360841 0.348517
0.350849 0.352509 0.857993 0.355 0.658824
0.347612 0.851433 0.138454 0.349164 0.354163
0.145964 0.146666 0.835515 0.352275 0.645632
0.14818 0.158157 0.852226 0.355515 0.64889
0.842367 0.84273 0.350657 0.154391 0.844221
0.842001 0.85715 0.352627 0.143984 0.854914
0.846371 0.154079 0.84965 0.848618 0.663262
0.150843 0.145727 0.848806 0.347903 0.653065
0.353307 0.359966 0.832783 0.353897 0.638723
0.347761 0.849962 0.155508 0.338474 0.354764
0.152282 0.656219 0.652109 0.847402 0.159461
0.151975 0.651486 0.643021 0.863433 0.140042
0.648798 0.847761 0.64596 0.147003 0.352804
0.340482 0.355821 0.842397 0.354968 0.650004
0.643814 0.843848 0.652617 0.144828 0.350107
0.340192 0.156134 0.639405 0.35264 0.639448
0.346757 0.348894 0.840693 0.338942 0.656884
0.346227 0.847268 0.149476 0.656156 0.349442
0.345443 0.859293 0.143108 0.648956 0.33603
0.344765 0.859343 0.154315 0.647207 0.349003
0.85019 0.142552 0.855177 0.845616 0.646408
0.351999 0.831466 0.148773 0.345219 0.340099
0.845897 0.849821 0.351199 0.143252 0.844426
0.65231 0.855125 0.64293 0.147982 0.357645
0.850013 0.852454 0.343169 0.153667 0.851307
0.853814 0.147705 0.855106 0.842843 0.656347
0.357272 0.851637 0.144162 0.639368 0.347246
0.159962 0.655787 0.637684 0.853531 0.144623
0.653902 0.848212 0.659311 0.145671 0.354065
0.349649 0.35083 0.847338 0.341718 0.649907
0.342412 0.850335 0.149661 0.638228 0.355721
0.14246 0.650272 0.65394 0.852799 0.155356
0.352006 0.147876 0.651589 0.340507 0.656886
0.844007 0.859133 0.350188 0.160209 0.850858
0.347163 0.145322 0.656837 0.344217 0.64353
0.338852 0.346004 0.853227 0.34178 0.655243
0.359132 0.146903 0.670968 0.347823 0.645911
0.35722 0.855403 0.149545 0.649548 0.340084
0.149296 0.166003 0.851312 0.356113 0.653448
0.163587 0.149704 0.846689 0.356456 0.662978
0.855951 0.153629 0.858111 0.853501 0.650221
0.349108 0.845264 0.146942 0.649312 0.36295
0.342997 0.160713 0.648349 0.348007 0.656279
0.145809 0.650029 0.65528 0.851967 0.156119
0.34151 0.152471 0.647005 0.341234 0.649531
0.655285 0.840259 0.648428 0.149868 0.343847
0.845167 0.842789 0.345092 0.155888 0.851775
0.647058 0.845628 0.640952 0.151813 0.351285
0.166891 0.148532 0.850129 0.338898 0.649215
0.162257 0.656442 0.641409 0.859934 0.14065
0.155666 0.140375 0.847884 0.343716 0.645325
0.146372 0.147025 0.847043 0.339784 0.647044
0.639909 0.866572 0.643146 0.149531 0.351359
0.346438 0.85009 0.157219 0.350339 0.339929
0.147926 0.155413 0.847095 0.35134 0.652688
0.356408 0.855056 0.148604 0.338303 0.358624
0.867531 0.852136 0.345955 0.14964 0.84149
0.153223 0.646427 0.641447 0.847336 0.15028
0.844391 0.837017 0.342086 0.147118 0.848525
0.841316 0.138475 0.845341 0.837457 0.651928
0.347211 0.142954 0.65754 0.342991 0.653789
0.850897 0.856077 0.35245 0.142501 0.850135
0.84622 0.159875 0.850568 0.846977 0.656964
0.656286 0.856059 0.658738 0.144413 0.352352
0.143588 0.642984 0.659607 0.855763 0.151992
0.3509 0.852143 0.152721 0.65832 0.350537
0.84088 0.844245 0.353226 0.150315 0.853572
0.653855 0.848921 0.633441 0.148212 0.345905
0.350375 0.847253 0.146283 0.655942 0.34829
0.644705 0.846606 0.655471 0.15448 0.339307
0.348073 0.851859 0.137711 0.34493 0.348481
0.342801 0.35544 0.847153 0.348048 0.651007
0.35636 0.836711 0.14537 0.356183 0.345071
0.158951 0.653135 0.652593 0.839043 0.161137
0.349464 0.850585 0.151804 0.642707 0.349262
0.331905 0.150041 0.65209 0.358272 0.640071
0.337506 0.149737 0.651357 0.360723 0.651486
0.847417 0.849609 0.351058 0.157927 0.848341
0.852518 0.143743 0.847721 0.83586 0.649342
0.154562 0.139809 0.845578 0.348977 0.64733
0.151449 0.142105 0.852483 0.354969 0.641781
0.141731 0.141856 0.859696 0.343228 0.643579
0.846999 0.839046 0.349587 0.140442 0.861069
0.364006 0.154091 0.64425 0.34341 0.654176
0.36283 0.358091 0.853908 0.357495 0.657517
0.841326 0.848066 0.341454 0.145532 0.842454
0.355054 0.854695 0.152675 0.346306 0.349328
0.852306 0.147503 0.847036 0.853954 0.641775
0.648808 0.853117 0.649726 0.147042 0.357673
0.856213 0.838561 0.33935 0.142549 0.859043
0.14689 0.153039 0.850921 0.347123 0.639628
0.34051 0.840061 0.148949 0.356096 0.353873
0.641968 0.860667 0.656225 0.14821 0.335478
0.359393 0.850311 0.145945 0.335972 0.343283
0.140162 0.147638 0.856396 0.345337 0.653899
0.345128 0.860282 0.157542 0.653308 0.357314
0.350183 0.356169 0.849962 0.366032 0.656776
0.843961 0.855566 0.337773 0.146554 0.852439
0.14942 0.645952 0.653541 0.845124 0.150187
0.157639 0.656734 0.645328 0.85363 0.151841
0.151244 0.65349 0.644593 0.848753 0.144591
0.351715 0.151058 0.655479 0.356102 0.652078
0.350468 0.847672 0.144719 0.361965 0.351996
0.854008 0.149065 0.847232 0.853226 0.652267
0.346986 0.842797 0.141356 0.664337 0.349006
0.149796 0.652849 0.638106 0.846841 0.139365
0.347007 0.842032 0.151116 0.359803 0.34562
0.145714 0.150207 0.852938 0.344691 0.651599
0.355055 0.350136 0.851447 0.344641 0.641644
0.148104 0.148139 0.848447 0.347627 0.642017
0.85282 0.85019 0.364464 0.150565 0.858785
0.34619 0.85004 0.154622 0.356933 0.346275
0.358953 0.153255 0.650401 0.35364 0.647378
0.36327 0.352067 0.857993 0.344403 0.650618
0.646088 0.866746 0.651812 0.161997 0.349651
0.646847 0.848011 0.648905 0.155869 0.350985
0.155894 0.636062 0.651067 0.845861 0.155645
0.146458 0.644069 0.65115 0.843885 0.148596
0.157682 0.641446 0.652444 0.843634 0.152326
0.652279 0.848769 0.659773 0.15486 0.339874
0.84789 0.848919 0.356712 0.150227 0.856622
0.856051 0.151889 0.841491 0.850669 0.644432
0.138495 0.65975 0.64472 0.856619 0.14576
0.346008 0.162784 0.663806 0.351254 0.656452
0.34393 0.162452 0.65628 0.341966 0.653455
0.649134 0.858695 0.646021 0.152273 0.355069
0.659705 0.853375 0.643211 0.146591 0.356039
0.656941 0.853709 0.632517 0.159088 0.35413
0.149475 0.645908 0.648968 0.853524 0.148623
0.146631 0.149046 0.851454 0.348337 0.649022
0.858131 0.149358 0.854239 0.848529 0.650912
0.344481 0.346125 0.847197 0.350522 0.65659
0.85441 0.163489 0.860377 0.85684 0.641303
0.355149 0.346495 0.848318 0.347469 0.652439
0.347551 0.35405 0.847644 0.356412 0.653932
0.355388 0.840117 0.142855 0.35209 0.345221
0.150465 0.646713 0.648958 0.859803 0.152405
0.341594 0.850587 0.160219 0.651409 0.350919
0.363061 0.353919 0.857862 0.348959 0.654869
0.352064 0.342765 0.842102 0.346667 0.657612
0.357022 0.138432 0.644381 0.358686 0.65106
0.847145 0.155344 0.843499 0.849981 0.65501
0.152502 0.650104 0.653727 0.847274 0.155807
0.148565 0.149642 0.85381 0.36155 0.655471
0.858949 0.158798 0.856243 0.867783 0.651183
0.353878 0.356455 0.850376 0.345606 0.653967
0.853503 0.834873 0.344031 0.160695 0.857705
0.347402 0.847829 0.152841 0.356331 0.352143
0.649856 0.841721 0.652811 0.150489 0.358532
0.348852 0.145584 0.661724 0.349933 0.653812
0.354376 0.842533 0.156292 0.649868 0.342531
0.357683 0.16163 0.64519 0.356327 0.657741
0.359171 0.146636 0.653573 0.352944 0.649684
0.352549 0.851625 0.166591 0.346111 0.34472
0.145237 0.152152 0.852501 0.360509 0.642479
0.638312 0.850717 0.654859 0.133303 0.344131
0.356249 0.869211 0.146408 0.351023 0.351073
0.346445 0.849403 0.144188 0.341898 0.349727
0.645267 0.841224 0.668193 0.153246 0.344468
0.344617 0.144839 0.639912 0.36038 0.640068
0.152281 0.154748 0.846428 0.349678 0.652158
0.157398 0.646121 0.646274 0.84781 0.150093
0.149848 0.647675 0.634056 0.864972 0.151667
0.348035 0.846444 0.147831 0.34813 0.353603
0.847364 0.142246 0.842706 0.85193 0.645168
0.34741 0.143284 0.65236 0.356554 0.645986
0.841956 0.14745 0.847974 0.85464 0.652488
0.649628 0.850469 0.638448 0.149101 0.34674
0.13489 0.152154 0.851753 0.341945 0.649557
0.352708 0.151119 0.644516 0.345351 0.650528
0.341478 0.844722 0.152393 0.650171 0.349416
0.656348 0.843981 0.643083 0.141912 0.34109
0.358094 0.854897 0.16648 0.654092 0.33859
0.361236 0.145538 0.643862 0.346564 0.656388
0.35518 0.154775 0.661083 0.343597 0.650431
0.651716 0.855109 0.6584 0.152424 0.350688
0.151047 0.654068 0.641464 0.85215 0.151499
0.354028 0.168223 0.655161 0.359784 0.643964
0.349618 0.155458 0.647279 0.353137 0.652791
0.154016 0.153665 0.847231 0.355064 0.642909
0.149119 0.653018 0.65617 0.844194 0.1503
0.849673 0.140146 0.855465 0.851299 0.649585
0.658812 0.845786 0.655461 0.145419 0.349932
0.136624 0.145781 0.85123 0.337756 0.647228
0.845619 0.857268 0.334901 0.148902 0.852822
0.358342 0.167515 0.663087 0.342662 0.634816
0.362654 0.146333 0.640282 0.343289 0.654555
0.341416 0.856397 0.146885 0.647608 0.355341
0.148859 0.6553 0.645777 0.859812 0.154881
0.356152 0.858074 0.15046 0.354071 0.358904
0.342457 0.846426 0.142736 0.347664 0.337257
0.341883 0.341663 0.850253 0.35432 0.645394
0.845882 0.849297 0.349587 0.147357 0.853845
0.145456 0.138156 0.840242 0.347126 0.649817
0.846373 0.846251 0.352688 0.148317 0.854831
0.149263 0.144773 0.849878 0.360234 0.644315
0.356925 0.863822 0.142656 0.645489 0.348623
0.147432 0.147856 0.852958 0.344235 0.644613
0.348894 0.349685 0.839896 0.353554 0.661854
0.846498 0.843364 0.353846 0.160901 0.851674
0.354335 0.845841 0.149235 0.644543 0.356867
0.349824 0.159528 0.6361 0.348373 0.652511
0.350928 0.849291 0.153418 0.646415 0.361265
0.656826 0.851868 0.643645 0.132928 0.344725
0.347139 0.348235 0.862065 0.348265 0.644937
0.145284 0.149321 0.841651 0.354654 0.647195
0.641921 0.850775 0.66602 0.144657 0.347117
0.344525 0.849673 0.146692 0.35276 0.349346
0.346079 0.859799 0.158625 0.638612 0.34791
0.145142 0.144381 0.857714 0.355181 0.652533
0.150666 0.647263 0.656999 0.851476 0.145453
0.857177 0.85754 0.344016 0.142836 0.838674
0.851632 0.843054 0.343633 0.145109 0.850496
0.646863 0.852848 0.648258 0.15167 0.350533
0.643886 0.857135 0.643789 0.147228 0.344421
0.144065 0.145935 0.855245 0.349565 0.648059
0.841239 0.157793 0.85157 0.846081 0.650311
0.149366 0.640617 0.658723 0.857434 0.158181
0.351113 0.359504 0.848475 0.345083 0.643796
0.849792 0.839282 0.35497 0.136146 0.85821
0.145447 0.144612 0.845723 0.34044 0.636768
0.351137 0.850133 0.148343 0.340246 0.346849
0.344486 0.155807 0.647877 0.345255 0.650366
0.142135 0.649018 0.651021 0.848906 0.151966
0.347691 0.860815 0.146981 0.332555 0.365393
0.658302 0.849112 0.66409 0.152726 0.345686
0.156449 0.642527 0.642558 0.858169 0.152713
0.853018 0.139868 0.859189 0.845187 0.656976
0.343669 0.145421 0.645568 0.344081 0.644724
0.345246 0.848199 0.150526 0.343093 0.356965
0.649902 0.846729 0.652738 0.147416 0.350419
0.642294 0.854028 0.648125 0.146686 0.359369
0.34561 0.849114 0.14335 0.663922 0.3446
0.348714 0.152719 0.65284 0.356815 0.648523
0.344763 0.150856 0.655163 0.340476 0.657863
0.346315 0.163725 0.660519 0.333083 0.661487
0.351527 0.345665 0.842113 0.356585 0.64083
0.148944 0.66335 0.654833 0.850311 0.153953
0.353917 0.846041 0.140709 0.341912 0.35454
0.850808 0.852661 0.351263 0.158341 0.843481
0.35186 0.344491 0.85146 0.345977 0.653755
0.158102 0.153398 0.848351 0.345217 0.651324
0.152693 0.64764 0.65094 0.849856 0.145864
0.3574 0.34819 0.84649 0.354172 0.650557
0.345875 0.159284 0.648702 0.349354 0.655402
0.349278 0.853004 0.157864 0.343151 0.331975
0.65856 0.83972 0.648433 0.15779 0.342134
0.346001 0.153511 0.648009 0.344431 0.651431
0.358057 0.349769 0.843089 0.355007 0.64914
0.650686 0.859548 0.644742 0.139566 0.364043
0.359296 0.848904 0.150563 0.35216 0.35309
0.657576 0.851884 0.65261 0.145143 0.348897
0.152482 0.148569 0.840886 0.367499 0.642858
0.647685 0.852777 0.657361 0.150681 0.358644
0.647634 0.862793 0.639219 0.152056 0.340392
0.846192 0.158445 0.859287 0.845241 0.654635
0.351937 0.346087 0.836461 0.359993 0.64814
0.35464 0.347092 0.853089 0.343204 0.648035
0.362259 0.854657 0.15551 0.64545 0.352642
0.155655 0.645337 0.646324 0.846027 0.152786
0.344088 0.851912 0.153182 0.356658 0.339635
0.843409 0.839806 0.34628 0.145584 0.841239
0.844317 0.846254 0.349196 0.15205 0.847136
0.158784 0.654308 0.654531 0.850232 0.149913
0.357104 0.848984 0.158351 0.350602 0.344
0.854201 0.852984 0.334434 0.144257 0.844162
0.852999 0.855961 0.361663 0.152217 0.854831
0.34333 0.850126 0.14843 0.344526 0.354685
0.349263 0.850922 0.151482 0.354751 0.352923
0.144648 0.148505 0.860481 0.351631 0.646227
0.845133 0.861184 0.355055 0.150216 0.841699
0.132756 0.146904 0.857257 0.348388 0.653103
0.345386 0.847339 0.151457 0.362332 0.364468
0.842808 0.16532 0.848107 0.852669 0.643482
0.843148 0.864089 0.342936 0.147249 0.848732
0.351443 0.137752 0.65693 0.348043 0.637269
0.1511 0.654339 0.657862 0.851715 0.14123
0.853076 0.158452 0.848575 0.852948 0.648104
0.147172 0.650775 0.655456 0.848769 0.152947
0.852247 0.144398 0.853624 0.84645 0.649085
0.355558 0.842852 0.157058 0.655826 0.34945
0.352148 0.358992 0.851525 0.354757 0.653055
0.847159 0.149393 0.84319 0.853282 0.654444
0.340343 0.843267 0.138627 0.660235 0.344804
0.352664 0.158494 0.654231 0.35387 0.659443
0.353106 0.861769 0.14637 0.350934 0.355971
0.65703 0.853487 0.646012 0.149482 0.348704
0.345544 0.847871 0.147771 0.353152 0.351618
0.664221 0.857628 0.633433 0.159782 0.352904
0.359464 0.15781 0.660844 0.350834 0.642808
0.343344 0.152104 0.634742 0.355491 0.649892
0.843199 0.15109 0.867203 0.860807 0.656467
0.334652 0.857818 0.152178 0.344583 0.353893
0.346202 0.13861 0.640663 0.354857 0.640564
0.164183 0.152312 0.851268 0.357817 0.656032
0.353039 0.851306 0.155421 0.646343 0.357569
0.352629 0.854296 0.140885 0.358693 0.343231
0.849085 0.837492 0.35039 0.152175 0.845314
0.15642 0.649296 0.651949 0.853528 0.155726
0.842167 0.845347 0.3603 0.15128 0.842992
0.348711 0.848793 0.158419 0.635479 0.363979
0.142482 0.638203 0.654193 0.844433 0.163996
0.348149 0.350448 0.849949 0.34803 0.647358
0.864562 0.860038 0.348896 0.137201 0.845723
0.351046 0.358824 0.859409 0.34731 0.650572
0.642752 0.855733 0.639413 0.143939 0.356877
0.855477 0.154111 0.845568 0.8506 0.654404
0.360512 0.844275 0.151888 0.660932 0.359015
0.653677 0.847173 0.652142 0.153739 0.352567
0.344717 0.845438 0.158397 0.651133 0.341605
0.364245 0.844514 0.158567 0.651596 0.346718
0.352834 0.863423 0.143559 0.649107 0.350712
0.865197 0.149455 0.857369 0.84666 0.652029
0.351265 0.351253 0.856013 0.34991 0.659737
0.167885 0.146598 0.845204 0.350186 0.651152
0.841728 0.148616 0.853362 0.852489 0.64894
0.646157 0.859289 0.65576 0.139793 0.365222
0.354078 0.150004 0.646266 0.339122 0.64031
0.354467 0.850969 0.153403 0.648992 0.354218
0.162664 0.647178 0.642122 0.845279 0.149795
0.146691 0.150853 0.848906 0.35325 0.645917
0.343924 0.162968 0.649307 0.346408 0.656595
0.339077 0.851247 0.154736 0.348602 0.338065
0.845514 0.854343 0.342956 0.145863 0.851927
0.35035 0.848776 0.16316 0.654195 0.342848
0.645303 0.842586 0.65499 0.145909 0.358717
0.342174 0.147241 0.64418 0.351883 0.652806
0.846053 0.852973 0.348071 0.140854 0.849825
0.153021 0.153821 0.845884 0.355714 0.64456
0.353067 0.155069 0.651227 0.351151 0.650344
0.348649 0.143238 0.651143 0.345055 0.647256
0.347698 0.838062 0.146559 0.347694 0.34513
0.146718 0.65326 0.647126 0.852504 0.14161
0.148373 0.64953 0.640199 0.840288 0.14882
0.864673 0.160031 0.847723 0.853345 0.641693
0.351887 0.837819 0.149102 0.651068 0.358299
0.341551 0.852769 0.151549 0.344383 0.349482
0.648482 0.860668 0.657942 0.145943 0.344896
0.354586 0.849508 0.156841 0.654378 0.356595
0.847139 0.84111 0.345245 0.133709 0.858461
0.357939 0.851721 0.156072 0.650681 0.352531
0.34745 0.846933 0.144409 0.662052 0.359926
0.343741 0.845294 0.142074 0.34049 0.345707
0.361029 0.158052 0.651629 0.349074 0.643461
0.351477 0.85017 0.143708 0.655437 0.350089
0.851598 0.152397 0.853754 0.849163 0.656038
0.852762 0.854572 0.350412 0.141165 0.847588
0.15632 0.149364 0.852838 0.352504 0.643489
0.864597 0.150222 0.852585 0.84808 0.650418
0.343599 0.144232 0.652412 0.343046 0.653921
0.148586 0.645388 0.642542 0.843581 0.145302
0.356616 0.352977 0.847515 0.345691 0.652697
0.650443 0.859291 0.652962 0.149477 0.354169
0.648869 0.850018 0.650969 0.135698 0.35727
0.844271 0.85607 0.350725 0.151227 0.835524
0.649105 0.85353 0.655536 0.144075 0.350019
0.351986 0.846983 0.14694 0.336 0.347952
0.15121 0.647177 0.660412 0.854106 0.157848
0.357456 0.863728 0.146986 0.357994 0.3446
0.154698 0.160643 0.844461 0.353885 0.659176
0.841336 0.157485 0.841972 0.857139 0.644851
0.66605 0.844312 0.644493 0.163927 0.339436
0.35609 0.85444 0.138377 0.350866 0.355073
0.847353 0.843033 0.349574 0.153449 0.858741
0.139695 0.147192 0.849096 0.342988 0.652593
0.343577 0.850438 0.1553 0.635819 0.347561
0.348072 0.859136 0.147307 0.353308 0.343259
0.354966 0.148504 0.642553 0.34175 0.651802
0.651898 0.837844 0.644237 0.150867 0.347507
0.350086 0.847767 0.153465 0.358942 0.354415
0.651858 0.848963 0.650666 0.147869 0.343844
0.85753 0.156977 0.861855 0.839246 0.64801
0.349399 0.350996 0.850041 0.352938 0.647364
0.348493 0.155168 0.643749 0.349755 0.637685
0.844888 0.855942 0.344407 0.134179 0.851268
0.346399 0.84208 0.148983 0.650353 0.347519
0.844654 0.844145 0.344968 0.141589 0.850255
0.349819 0.353394 0.857403 0.359401 0.647772
0.350805 0.847102 0.147317 0.35568 0.354217
0.354952 0.854677 0.153005 0.349802 0.356258
0.654442 0.858916 0.652655 0.145042 0.345435
0.339851 0.861367 0.154062 0.348582 0.346226
0.851093 0.84822 0.341141 0.153908 0.84711
0.354594 0.156445 0.643619 0.342225 0.648023
0.846661 0.864123 0.354228 0.144142 0.8643
0.350416 0.849133 0.151941 0.343608 0.360898
0.347269 0.849549 0.158955 0.656886 0.338824
0.647523 0.857364 0.65625 0.140846 0.346297
0.35462 0.351187 0.851604 0.342029 0.644458
0.652328 0.849815 0.657212 0.151435 0.348796
0.35176 0.352527 0.856816 0.35405 0.648421
0.34073 0.154677 0.645592 0.351874 0.643428
0.146151 0.165033 0.851283 0.349094 0.647633
0.850006 0.156641 0.857294 0.845376 0.649908
0.646457 0.84152 0.652285 0.150615 0.341761
0.346682 0.146307 0.651723 0.351899 0.653052
0.855515 0.843935 0.347451 0.141986 0.843604
0.143139 0.159758 0.845017 0.341375 0.642609
0.154364 0.149558 0.862939 0.357458 0.646419
0.335592 0.852826 0.142013 0.660201 0.346166
0.351849 0.853579 0.14442 0.651172 0.358936
0.147933 0.642373 0.647934 0.848832 0.152656
0.154385 0.664655 0.657263 0.837137 0.15853
0.640729 0.851233 0.656999 0.162237 0.3584
0.144527 0.655467 0.650463 0.843627 0.149292
0.339125 0.151703 0.652056 0.339352 0.657361
0.342276 0.842845 0.145871 0.354499 0.353588
0.63705 0.848616 0.657458 0.146343 0.348761
0.158069 0.149681 0.85973 0.356198 0.64551
0.646402 0.868186 0.654358 0.161743 0.337788
0.147945 0.646579 0.648593 0.862832 0.148782
0.158896 0.14538 0.848911 0.349186 0.65591
0.147047 0.654416 0.639629 0.853197 0.153209
0.151118 0.64596 0.635742 0.836729 0.143437
0.351824 0.349905 0.848011 0.353117 0.651329
0.148584 0.136046 0.847944 0.341802 0.644355
0.348357 0.841815 0.147933 0.644022 0.349799
0.338534 0.862206 0.158651 0.350536 0.353498
0.639154 0.848521 0.656828 0.143732 0.356129
0.358892 0.855016 0.157028 0.647434 0.350413
0.355121 0.355758 0.858145 0.346969 0.64545
0.152003 0.143732 0.843344 0.350526 0.645057
0.151203 0.15119 0.850988 0.347156 0.642997
0.846004 0.149446 0.856397 0.852919 0.66175
0.859844 0.853011 0.349793 0.143097 0.845678
0.340109 0.152143 0.657603 0.342257 0.649042
0.144667 0.638371 0.638305 0.845627 0.160419
0.140623 0.647065 0.654589 0.844793 0.145078
0.649031 0.84567 0.65354 0.153574 0.34926
0.354191 0.852637 0.152228 0.65523 0.360957
0.855122 0.139513 0.853138 0.853514 0.655339
0.149078 0.642504 0.640813 0.843432 0.139044
0.147973 0.652002 0.644599 0.850114 0.159583
0.847087 0.853812 0.352477 0.145866 0.851297
0.850612 0.849689 0.353774 0.158301 0.849652
0.646213 0.852318 0.653677 0.145334 0.342962
0.345001 0.856144 0.157132 0.650981 0.346732
0.349082 0.849311 0.150084 0.35903 0.332554
0.85025 0.860392 0.360557 0.149011 0.849383
0.35543 0.352883 0.853522 0.348302 0.64862
0.147057 0.658074 0.656179 0.854334 0.153152
0.155639 0.15016 0.855262 0.346542 0.640561
0.34988 0.841824 0.159698 0.643091 0.351554
0.346078 0.144674 0.632464 0.343199 0.644777
0.852006 0.85167 0.343157 0.154168 0.84705
0.355255 0.849265 0.151019 0.357804 0.346116
0.655006 0.86085 0.660764 0.14708 0.348014
0.349178 0.847948 0.147234 0.64376 0.352058
0.15181 0.137819 0.858402 0.350045 0.655872
0.342266 0.849175 0.15391 0.353474 0.35374
0.652064 0.856456 0.651482 0.13592 0.336247
0.352511 0.842001 0.139054 0.358886 0.352993
0.842002 0.1444 0.839864 0.834927 0.66178
0.343966 0.853254 0.144867 0.643724 0.352105
0.349328 0.849776 0.149874 0.646306 0.34681
0.83387 0.153982 0.848383 0.852735 0.638004
0.653864 0.842864 0.644221 0.149647 0.347953
0.165908 0.161908 0.853103 0.345317 0.651806
0.339941 0.849935 0.145905 0.356121 0.350829
0.342941 0.143782 0.644139 0.350349 0.645589
0.353932 0.145023 0.643924 0.355035 0.639217
0.149759 0.157129 0.848247 0.359487 0.64674
0.148498 0.644213 0.659694 0.844961 0.143056
0.346763 0.341073 0.84738 0.342432 0.648402
0.34221 0.151016 0.646081 0.353608 0.653076
0.349776 0.345047 0.853994 0.356327 0.649469
0.350703 0.143081 0.642012 0.347906 0.660576
0.848354 0.139684 0.848147 0.854568 0.646416
0.352952 0.353182 0.852034 0.349663 0.653787
0.347959 0.848244 0.14752 0.649882 0.351354
0.343118 0.847119 0.140748 0.345937 0.348596
0.849863 0.157023 0.840231 0.854612 0.643157
0.153093 0.148316 0.843137 0.35119 0.652262
0.149602 0.14274 0.864295 0.358706 0.642449
0.845765 0.85934 0.337726 0.145832 0.859119
0.15397 0.151716 0.843272 0.357092 0.653586
0.851478 0.144026 0.844225 0.854319 0.654248
0.346446 0.851809 0.136997 0.641704 0.361327
0.358619 0.138621 0.651824 0.351141 0.648319
0.147574 0.641042 0.651233 0.852394 0.148183
0.146355 0.148396 0.857536 0.344978 0.652245
0.652056 0.847453 0.657807 0.145791 0.354661
0.338812 0.354112 0.84469 0.335398 0.646515
0.346333 0.837688 0.15533 0.641589 0.357244
0.850291 0.139954 0.84491 0.838995 0.646595
0.34903 0.136357 0.643627 0.355243 0.642278
0.145726 0.641541 0.656072 0.861741 0.14982
0.348403 0.841288 0.14937 0.355886 0.350456
0.640573 0.837476 0.647261 0.151814 0.342065
0.84479 0.850737 0.34706 0.155079 0.849146
0.151972 0.641338 0.644206 0.85276 0.147771
0.849378 0.851609 0.341271 0.139787 0.850898
0.344206 0.343639 0.848237 0.352582 0.634866
0.15259 0.153434 0.843316 0.337473 0.653031
0.362754 0.855187 0.149312 0.647134 0.352647
0.838348 0.850645 0.343661 0.150406 0.85375
0.152307 0.147297 0.850637 0.355262 0.653653
0.352121 0.840402 0.153942 0.651905 0.361744
0.156949 0.156479 0.859899 0.354666 0.647315
0.142485 0.648288 0.65433 0.844374 0.146254
0.146354 0.63976 0.64068 0.845943 0.151979
0.841307 0.147058 0.849393 0.85673 0.655925
0.158271 0.650843 0.651473 0.855209 0.155656
0.151273 0.157155 0.851992 0.356299 0.648061
0.360797 0.341154 0.847331 0.34229 0.645608
0.145301 0.144152 0.837259 0.348522 0.647752
0.35346 0.842548 0.146344 0.653123 0.354342
0.849241 0.14237 0.842321 0.848548 0.650168
0.643305 0.850713 0.648779 0.146977 0.348765
0.350232 0.349182 0.848555 0.351351 0.65151
0.151996 0.656543 0.65381 0.847014 0.152657
0.350076 0.859936 0.149205 0.351736 0.348501
0.339339 0.844091 0.154446 0.648567 0.353852
0.341262 0.848924 0.157363 0.353985 0.354265
0.147966 0.14398 0.848602 0.341826 0.649296
0.150557 0.642619 0.649611 0.843866 0.147328
0.853251 0.151756 0.855973 0.82987 0.64321
0.845828 0.858657 0.352738 0.143866 0.835171
0.353389 0.142078 0.656653 0.348891 0.647095
0.349303 0.344878 0.845994 0.356559 0.63819
0.355086 0.852879 0.151391 0.357575 0.3465
0.844166 0.147253 0.854823 0.84891 0.637468
0.85477 0.862089 0.347658 0.152974 0.858404
0.848184 0.833858 0.35119 0.150196 0.844014
0.355133 0.152608 0.653683 0.351056 0.646891
0.345077 0.344644 0.847446 0.343698 0.642891
0.848955 0.149912 0.850942 0.85649 0.648248
0.141752 0.150958 0.852349 0.357139 0.652103
0.353345 0.847253 0.151897 0.660406 0.340386
0.146134 0.150476 0.85694 0.337641 0.660269
0.362158 0.145886 0.640852 0.344064 0.655035
0.657235 0.852931 0.644069 0.142524 0.35771
0.360097 0.154327 0.647575 0.34535 0.647333
0.349348 0.846115 0.137196 0.649472 0.347536
0.852297 0.146071 0.845222 0.847295 0.645158
0.155085 0.635655 0.655964 0.859447 0.147813
0.144938 0.652041 0.646786 0.856619 0.151504
0.148831 0.139986 0.84818 0.350436 0.638453
0.851423 0.861997 0.345041 0.144637 0.856025
0.159136 0.157452 0.852934 0.353042 0.64242
0.367609 0.844689 0.137839 0.347347 0.35584
0.654069 0.852319 0.647358 0.144506 0.344242
0.354518 0.85693 0.147179 0.356834 0.341862
0.337678 0.154514 0.638866 0.346857 0.643405
0.150608 0.15736 0.849168 0.339411 0.659605
0.856828 0.844621 0.346207 0.150343 0.855902
0.847479 0.158072 0.850918 0.859588 0.6498
0.349738 0.850343 0.135321 0.345856 0.342837
0.161038 0.639066 0.63981 0.857337 0.161265
0.846361 0.847554 0.352549 0.15445 0.860856
0.333748 0.158895 0.656917 0.356331 0.651183
0.150375 0.651431 0.654775 0.849264 0.159578
0.843582 0.855438 0.346561 0.158603 0.855287
0.853436 0.144214 0.848544 0.851593 0.653115
0.358879 0.84708 0.157217 0.356634 0.34257
0.337521 0.357817 0.854596 0.357557 0.653438
0.658199 0.842996 0.647762 0.158218 0.363558
0.345036 0.847196 0.139583 0.649753 0.342971
0.360918 0.83786 0.144633 0.351183 0.349698
0.144727 0.145028 0.851224 0.342156 0.64837
0.850298 0.850918 0.350824 0.151204 0.851643
0.858246 0.157625 0.852461 0.849539 0.642265
0.850487 0.142351 0.851434 0.853953 0.651302
0.645206 0.842721 0.654957 0.146194 0.346924
0.854269 0.871782 0.350862 0.145484 0.849103
0.358096 0.851189 0.150893 0.342751 0.34588
0.652978 0.852123 0.644406 0.144157 0.347053
0.137309 0.648038 0.648923 0.858742 0.149118
0.351838 0.837836 0.164745 0.35199 0.356536
0.339353 0.846378 0.156248 0.35461 0.349577
0.347641 0.84635 0.147113 0.344209 0.348476
0.84613 0.145176 0.849189 0.859669 0.646831
0.345444 0.145385 0.645471 0.343598 0.647794
0.851211 0.141246 0.841412 0.845877 0.664252
0.343291 0.840888 0.148965 0.649097 0.34356
0.349968 0.149413 0.640954 0.351477 0.657822
0.638971 0.849924 0.656763 0.16531 0.351185
0.344949 0.853749 0.16266 0.645939 0.350278
0.348949 0.848697 0.152217 0.343461 0.351662
0.157419 0.649564 0.647581 0.85012 0.140552
0.337441 0.838786 0.143925 0.351862 0.342343
0.348741 0.343108 0.846068 0.353621 0.653667
0.845877 0.156294 0.856554 0.843719 0.6465
0.340885 0.849015 0.146356 0.354941 0.349274
0.350912 0.854333 0.147415 0.364786 0.354826
0.65687 0.858591 0.655455 0.153329 0.335024
0.352759 0.858349 0.14833 0.658062 0.348684
0.844741 0.149733 0.844344 0.847643 0.646448
0.848407 0.153697 0.850661 0.853186 0.652559
0.862589 0.85176 0.355527 0.142556 0.836759
0.845701 0.157513 0.841256 0.862553 0.657412
0.335832 0.845327 0.156229 0.650552 0.342444
0.146204 0.141369 0.844732 0.34983 0.657246
0.151423 0.651633 0.656449 0.844273 0.15792
0.349467 0.363686 0.85167 0.34421 0.657534
0.139767 0.646586 0.655295 0.853234 0.13799
0.846693 0.843805 0.342419 0.151984 0.848452
0.348367 0.84312 0.154204 0.352521 0.34597
0.845661 0.142587 0.853167 0.858211 0.645135
0.848859 0.136156 0.858957 0.843853 0.657176
0.160997 0.161354 0.853798 0.338479 0.652504
0.860673 0.845976 0.355337 0.153096 0.855632
0.149831 0.660195 0.641306 0.850471 0.152333
0.662291 0.833917 0.660939 0.157175 0.350816
0.348463 0.832697 0.14294 0.361196 0.35335
0.349835 0.346525 0.853815 0.343377 0.65838
0.160483 0.654839 0.640186 0.854977 0.150543
0.15342 0.65283 0.648351 0.845129 0.151733
0.847569 0.847641 0.34862 0.159408 0.843111
0.137648 0.156621 0.845657 0.357845 0.660906
0.351055 0.360146 0.85098 0.340724 0.657628
0.352228 0.347011 0.849797 0.340134 0.646352
0.342714 0.15224 0.635669 0.342125 0.639507
0.347849 0.157858 0.657587 0.344629 0.645765
0.362223 0.844842 0.148848 0.644609 0.362161
0.347625 0.150083 0.651633 0.352965 0.649808
0.150516 0.157049 0.852802 0.342839 0.645992
0.134503 0.656494 0.651471 0.849384 0.156745
0.353084 0.364405 0.856535 0.345597 0.652717
0.352979 0.857663 0.152191 0.34461 0.351338
0.343109 0.855303 0.15772 0.657678 0.364394
0.351176 0.347237 0.84372 0.359098 0.649835
0.347777 0.852113 0.152572 0.654075 0.349777
0.150191 0.657537 0.658207 0.850937 0.144488
0.84816 0.84635 0.348924 0.141388 0.852431
0.859267 0.850433 0.347828 0.15138 0.854505
0.356003 0.349613 0.84498 0.349309 0.652711
0.649889 0.865754 0.653899 0.149452 0.345432
0.855943 0.848075 0.344417 0.153321 0.855847
